200,-203,620,-16610,-5,-6,-1,-230,598,-16562,-6,-8,-5,-185,585,-16569,-5,-9,-5,-197,571,-16627,0,-9,-6,-167,597,-16580,-2,-6,-6
201,-198,587,-16595,-5,-9,-5,-203,602,-16622,-1,-9,-3,-197,584,-16618,-3,-8,-3,-210,590,-16577,-2,-8,-3,-218,579,-16617,0,-8,-4
202,-205,594,-16598,-4,-9,-5,-198,571,-16610,-2,-9,-3,-208,558,-16600,-3,-10,-4,-200,567,-16565,-4,-9,-4,-211,601,-16630,-2,-5,-4
203,-180,593,-16576,-2,-8,-4,-195,582,-16622,1,-12,-4,-189,604,-16601,0,-9,-4,-164,589,-16613,-1,-9,-4,-200,595,-16626,0,-9,-4
204,-171,575,-16579,1,-9,-3,-153,566,-16612,-1,-9,-6,-177,575,-16606,-1,-6,-5,-176,593,-16597,-3,-7,-7,-181,575,-16610,-3,-9,-6
205,-225,582,-16589,1,-7,-7,-170,561,-16655,-1,-7,-2,-111,596,-16665,-1,-7,-5,-208,584,-16600,-1,-10,-5,-178,569,-16622,0,-7,-6
206,-163,582,-16629,1,-9,-5,-228,569,-16603,0,-8,-6,-210,581,-16615,0,-6,-5,-188,592,-16639,-4,-9,-4,-196,600,-16640,0,-8,-1
207,-217,582,-16597,-1,-10,-3,-215,624,-16578,0,-9,-4,-185,617,-16612,2,-8,-4,-162,604,-16660,1,-9,-5,-166,591,-16673,3,-6,-6
208,-162,579,-16649,0,-9,-4,-179,587,-16635,-2,-9,-3,-138,590,-16595,-1,-8,-1,-166,598,-16628,0,-8,-3,-179,608,-16614,-1,-7,-3
209,-165,570,-16606,-1,-6,-2,-163,624,-16590,-1,-4,-1,-144,638,-16597,-1,-3,-3,-135,601,-16622,1,-9,-5,-148,585,-16582,0,-9,-6
210,-207,609,-16607,0,-8,-4,-180,596,-16605,1,-8,-6,-183,591,-16594,-1,-6,-6,-191,600,-16611,-1,-6,-4,-201,579,-16569,1,-7,-4
211,-144,591,-16663,-6,-5,-2,-145,620,-16586,-3,-4,-2,-152,604,-16586,-3,-6,-2,-98,633,-16598,-4,-7,-1,-143,652,-16635,0,-6,-7
212,-184,616,-16653,-1,-9,-7,-173,573,-16630,0,-8,-7,-175,567,-16609,-3,-9,-3,-185,584,-16600,-2,-9,-6,-183,557,-16647,-1,-7,-2
213,-158,577,-16632,-1,-9,-4,-183,586,-16618,-2,-10,-4,-159,586,-16635,-4,-7,-5,-181,595,-16611,-2,-7,-6,-209,589,-16609,-1,-7,-5
214,-218,557,-16588,0,-10,-4,-168,578,-16605,-1,-10,-9,-215,607,-16632,0,-8,-7,-187,602,-16612,-2,-7,-5,-187,570,-16635,3,-9,-7
215,-146,588,-16585,1,-5,-3,-143,561,-16576,0,-6,-3,-131,572,-16579,1,-9,-1,-165,582,-16645,-2,-9,-3,-201,553,-16651,1,-10,-2
216,-163,572,-16630,-2,-7,-4,-173,565,-16628,-2,-9,-2,-151,590,-16640,-1,-9,-3,-169,588,-16616,1,-8,-3,-166,558,-16583,0,-11,-4
217,-116,532,-16768,-4,-15,4,-87,538,-16746,-3,-15,-8,-106,450,-16566,7,-6,-12,-183,468,-16605,0,0,-9,-209,483,-16642,-3,-11,1
218,-129,572,-16625,-1,-6,-6,-122,543,-16604,2,-8,-5,-174,541,-16627,-1,-8,-3,-173,566,-16642,0,-9,-2,-138,577,-16639,-2,-7,-3
219,-128,593,-16637,-3,-8,-3,-144,579,-16628,-1,-8,-3,-166,584,-16643,1,-8,-1,-141,605,-16584,-2,-8,-6,-126,598,-16600,-1,-12,-3
220,-179,615,-16615,0,-9,-2,-191,598,-16577,0,-8,-4,-165,578,-16577,1,-8,-2,-211,558,-16593,-1,-7,-5,-205,572,-16607,-1,-7,-4
221,-180,441,-16468,5,0,-9,-220,486,-16603,1,-2,-3,-262,518,-16692,-3,-10,-3,-291,556,-16793,-2,-15,-4,-237,530,-16781,-3,-13,-6
222,-200,565,-16582,-1,-7,-4,-144,604,-16610,-1,-7,-2,-169,597,-16622,-1,-7,-3,-183,601,-16577,-2,-8,-5,-170,611,-16607,-1,-9,-5
223,-120,557,-16594,1,-7,-3,-151,590,-16611,-1,-8,-3,-170,601,-16637,0,-8,-8,-182,558,-16611,2,-9,-5,-193,561,-16606,3,-8,-2
224,-172,593,-16612,1,-11,-2,-149,608,-16626,0,-10,-2,-161,612,-16609,-4,-8,-4,-178,622,-16588,0,-8,-6,-210,633,-16574,2,-10,-6
225,-142,595,-16667,2,-11,-4,-198,588,-16640,1,-10,-3,-142,549,-16603,2,-6,-5,-128,536,-16627,0,-6,-4,-185,584,-16637,-1,-7,-1
226,-150,588,-16619,1,-8,-6,-172,531,-16631,4,-7,-4,-194,546,-16615,0,-9,-6,-192,569,-16616,-2,-13,-6,-177,570,-16672,-1,-10,-4
227,-118,580,-16619,-1,-8,-5,-155,599,-16616,2,-11,-3,-192,595,-16629,-1,-12,-1,-167,577,-16588,-1,-11,-5,-201,580,-16610,-1,-7,-4
228,-163,562,-16609,0,-8,-5,-141,545,-16630,-4,-5,-3,-151,582,-16643,-1,-8,-5,-143,610,-16625,-1,-9,-5,-157,577,-16628,-3,-11,-2
229,-469,-770,-16730,-26,-56,109,-302,-904,-16165,-4,-97,75,-537,-839,-16428,-1,-83,77,-536,-943,-16550,18,-68,70,-530,-993,-16523,33,-49,59
230,-487,-870,-16600,51,-10,38,-508,-774,-16654,50,-8,46,-597,-976,-16632,46,-8,53,-564,-823,-16731,46,-17,62,-469,-788,-16661,47,-22,65
231,-752,-1112,-16598,3,-9,-1,-756,-1118,-16579,1,-7,-1,-886,-1111,-16497,0,-8,-1,-873,-1059,-16348,-10,-15,-13,-663,-1021,-16463,-34,2,-36
232,-670,-1370,-16637,-44,65,-63,-515,-1722,-16712,-50,58,-73,-594,-1632,-16772,-45,38,-70,-641,-1652,-16652,-45,17,-64,-719,-1634,-16576,-44,3,-57
233,-463,-634,-16606,-83,-19,62,-526,-635,-16676,-78,-15,53,-461,-524,-16660,-74,-5,39,-340,-390,-16676,-78,7,26,-272,-329,-16542,-77,24,-1
234,-648,-657,-16649,-2,-7,-3,-625,-644,-16613,-2,-5,-2,-585,-612,-16586,-2,-2,-3,-560,-600,-16580,-4,-3,-3,-585,-603,-16589,-2,-4,-5
235,-47,-1057,-17019,-5,210,77,-121,-1026,-16997,21,191,104,872,-244,-17107,40,126,105,166,-460,-17549,45,97,101,418,-818,-17610,71,1,77
236,-607,-877,-16628,2,2,-8,-608,-906,-16638,4,3,-10,-626,-908,-16635,3,-2,-8,-610,-923,-16620,7,-7,-6,-587,-896,-16641,10,-19,-3
237,-672,-871,-16594,-3,-10,-2,-693,-864,-16562,-1,-6,-2,-659,-875,-16561,-1,-6,-6,-684,-861,-16584,-3,-6,-5,-673,-849,-16626,-2,-4,-5
238,-631,-883,-16596,0,-8,-3,-579,-849,-16626,-1,-8,-3,-618,-873,-16595,3,-7,-3,-627,-883,-16603,1,-8,-3,-623,-918,-16670,-3,-9,-3
239,-671,-913,-16597,3,-9,-2,-668,-906,-16568,1,-11,-3,-672,-878,-16611,-3,-9,-3,-649,-910,-16620,-2,-8,-4,-646,-910,-16602,-2,-8,-5
240,-598,-943,-16642,-1,-7,-7,-642,-923,-16614,-1,-13,-3,-651,-914,-16599,1,-12,-3,-672,-884,-16612,-2,-13,-4,-646,-873,-16585,-2,-8,-4
241,-668,-862,-16577,1,-8,-4,-675,-877,-16602,-1,-6,-6,-660,-905,-16606,0,-6,-4,-636,-969,-16615,-1,-5,-4,-681,-967,-16611,-1,-6,-4
242,-700,-906,-16651,2,-8,-2,-674,-932,-16627,2,-7,-1,-671,-918,-16598,-1,-5,-2,-622,-916,-16579,-3,-4,-6,-655,-908,-16614,-4,-5,-7
243,-640,-924,-16576,0,-8,-2,-615,-887,-16585,-3,-9,-6,-652,-896,-16585,-2,-7,-9,-642,-863,-16609,-2,-4,-5,-662,-911,-16610,0,-4,-3
244,-671,-870,-16627,3,-14,-5,-643,-871,-16635,2,-12,-4,-635,-902,-16615,2,-10,-2,-612,-882,-16584,0,-6,-1,-692,-914,-16638,-1,-5,-7
245,-684,-909,-16611,1,-9,-2,-644,-921,-16593,1,-9,-3,-663,-894,-16572,-1,-7,-6,-669,-904,-16600,-2,-3,-7,-628,-900,-16609,-1,-7,-4
246,-660,-887,-16628,-3,-7,-4,-653,-925,-16579,-2,-7,-5,-657,-914,-16594,-2,-7,-4,-636,-898,-16619,-1,-8,-3,-665,-911,-16600,0,-9,-7
247,-643,-906,-16600,-2,-8,-5,-642,-900,-16614,0,-6,-4,-680,-917,-16558,0,-5,-5,-638,-899,-16620,-2,-6,-6,-674,-878,-16636,0,-8,-3
248,-649,-931,-16658,1,-10,-3,-593,-933,-16627,-2,-13,-3,-633,-941,-16618,0,-14,-4,-644,-916,-16639,2,-14,-5,-613,-962,-16625,1,-13,-4
249,-423,-996,-16532,2,19,7,-333,-989,-16568,-30,1,6,-516,-1057,-16695,-60,-10,2,-448,-944,-16693,-128,2,-13,-513,-1006,-16619,-166,19,-26
250,211,-273,-16717,29,-37,-23,212,-274,-16651,24,-26,-20,67,-189,-16648,28,-16,-19,131,-111,-16530,39,-9,-22,57,-115,-16342,45,-4,-32
251,255,-1140,-16980,277,-49,-240,27,-970,-16653,227,-11,-192,221,-1219,-16619,168,-4,-144,446,-1261,-16810,130,-14,-122,432,-1262,-16650,107,-17,-115
252,1505,484,-16629,24,-58,912,1011,426,-16784,16,-34,859,873,120,-16758,11,-29,801,903,102,-16715,5,-26,763,659,324,-16805,-6,-17,740
253,280,-138,-16598,27,-24,16,285,-176,-16589,24,-18,15,351,-189,-16640,20,-17,13,352,-252,-16670,17,-20,11,340,-283,-16655,12,-26,12
254,265,-901,-16580,-124,-13,25,312,-926,-16633,-140,-7,22,311,-923,-16692,-153,-12,16,315,-931,-16670,-162,-21,16,252,-967,-16644,-174,-30,25
255,547,-168,-16665,-3,-8,-4,554,-154,-16631,-3,-9,-5,551,-139,-16643,-1,-7,-6,550,-127,-16632,-2,-9,-5,550,-114,-16667,-2,-10,-5
256,533,-232,-16649,-1,-8,-5,520,-209,-16661,-1,-9,-3,448,-142,-16599,-1,-9,-2,490,-128,-16627,0,-12,-1,484,-105,-16694,2,-10,-1
257,398,-148,-16665,6,-7,3,431,-172,-16645,5,-2,1,479,-153,-16643,3,0,-3,526,-210,-16637,1,0,-6,588,-228,-16608,0,-1,-5
258,497,-233,-16604,1,-6,-2,497,-175,-16591,-1,-9,-2,488,-200,-16601,-2,-8,-5,503,-204,-16623,0,-6,-4,509,-236,-16623,-1,-7,-3
259,458,-233,-16658,2,-8,-1,427,-251,-16648,4,-11,-2,482,-218,-16608,4,-10,-1,506,-213,-16608,3,-7,0,467,-227,-16638,0,-5,-5
260,491,-220,-16672,-4,-8,-8,482,-174,-16635,-2,-8,-7,479,-175,-16609,-1,-8,-6,458,-216,-16649,-2,-10,-4,479,-212,-16625,-1,-7,-3
261,493,-215,-16667,-4,-7,-6,495,-194,-16629,-5,-7,-7,519,-224,-16643,-3,-9,-8,510,-229,-16635,-4,-8,-7,493,-191,-16658,-4,-8,-7
262,430,-201,-16618,-1,-9,-1,464,-242,-16636,-2,-7,-3,497,-234,-16638,-2,-6,-4,495,-187,-16611,-1,-8,-4,495,-203,-16663,1,-9,-5
263,493,-217,-16646,0,-6,-5,518,-195,-16599,-1,-8,-5,475,-208,-16642,0,-10,-2,467,-206,-16629,-1,-8,-2,509,-187,-16629,1,-10,-4
264,484,-226,-16638,0,-10,-5,489,-196,-16630,0,-8,-4,494,-214,-16642,0,-6,-6,482,-215,-16625,0,-8,-3,488,-216,-16629,-1,-6,-4
265,461,-243,-16654,0,-8,-3,456,-264,-16675,0,-8,-2,489,-194,-16650,1,-10,0,515,-203,-16640,-1,-8,-4,479,-185,-16659,-3,-9,-6
266,483,-221,-16666,0,-9,-5,467,-196,-16593,1,-9,-5,475,-190,-16646,-1,-8,-5,492,-200,-16651,1,-9,-3,467,-191,-16641,2,-10,-2
267,499,-206,-16622,-3,-4,-6,504,-230,-16652,-4,-9,-3,537,-197,-16651,-1,-10,-4,528,-202,-16622,1,-7,-4,472,-242,-16644,-4,-6,-4
268,453,-218,-16660,3,-8,-2,485,-214,-16677,1,-8,0,484,-239,-16659,-1,-8,-2,513,-173,-16631,-2,-6,-5,480,-199,-16605,0,-6,-3
269,557,-208,-16642,0,-11,-2,477,-210,-16639,1,-8,-3,505,-207,-16639,-3,-6,-4,501,-160,-16607,-2,-9,-4,486,-166,-16634,-2,-7,-4
270,519,-234,-16611,0,-11,-5,491,-209,-16624,-1,-7,-7,516,-185,-16648,0,-9,-4,522,-202,-16609,-1,-12,-3,499,-206,-16653,-3,-9,-3
271,482,-205,-16614,2,-9,-4,497,-216,-16648,0,-8,-5,513,-207,-16642,-1,-7,-6,511,-215,-16649,-2,-7,-3,511,-198,-16674,-1,-10,-2
272,513,-201,-16620,-1,-7,-5,491,-222,-16612,-1,-10,-4,527,-196,-16626,-1,-7,-4,518,-215,-16620,-1,-10,-4,509,-238,-16646,1,-8,-6
273,490,-213,-16649,0,-8,-4,464,-203,-16602,-1,-8,-3,526,-210,-16649,-1,-8,-5,527,-220,-16666,-1,-8,-6,461,-195,-16614,-2,-9,-5
274,504,-237,-16641,-1,-6,-5,474,-214,-16640,-2,-6,-5,476,-216,-16648,0,-7,-5,479,-233,-16668,1,-9,-3,461,-197,-16679,0,-10,-4
275,500,-191,-16651,-3,-8,-4,489,-186,-16631,-1,-7,-4,488,-194,-16604,1,-8,-4,483,-209,-16636,-1,-11,-4,482,-210,-16643,-5,-9,-3
276,493,-193,-16619,0,-9,-8,465,-206,-16653,-2,-6,-5,479,-202,-16605,1,-9,-3,487,-168,-16616,0,-8,-5,499,-223,-16615,-1,-10,-4
277,480,-237,-16681,-1,-8,-5,484,-211,-16613,0,-6,-3,483,-166,-16586,-2,-5,-3,507,-196,-16650,-1,-8,-3,501,-224,-16638,2,-11,-6
278,499,-197,-16649,1,-8,-4,488,-244,-16647,-2,-6,-5,498,-196,-16624,0,-7,-6,475,-240,-16643,0,-6,-6,484,-193,-16648,-3,-7,-4
279,470,-161,-16625,-3,-8,-3,453,-199,-16616,-1,-8,-3,491,-205,-16633,-1,-10,-3,536,-203,-16636,-2,-7,-5,446,-217,-16611,1,-9,-4
280,456,-219,-16621,-1,-8,-4,502,-204,-16639,1,-9,-5,522,-184,-16629,-2,-7,-7,472,-195,-16678,0,-8,-5,467,-195,-16655,0,-7,-5
281,494,-216,-16660,1,-6,-4,478,-208,-16652,-1,-8,-4,498,-240,-16613,2,-8,-3,483,-220,-16619,1,-7,-4,475,-197,-16635,0,-8,-3
282,479,-209,-16633,-1,-7,-6,507,-229,-16650,0,-7,-4,514,-217,-16637,0,-7,-4,491,-208,-16652,-3,-7,-5,490,-217,-16677,0,-7,-5
283,490,-209,-16620,-1,-8,-4,458,-203,-16659,-2,-8,-5,520,-197,-16645,-1,-8,-6,511,-203,-16646,0,-9,-5,473,-237,-16648,-1,-9,-4
284,496,-243,-16642,-1,-9,-3,498,-196,-16624,-1,-7,-5,494,-190,-16617,2,-7,-4,508,-200,-16636,1,-7,-4,469,-220,-16616,-3,-8,-8
285,467,-194,-16656,0,-9,-6,492,-178,-16640,0,-8,-5,465,-223,-16640,-3,-7,-5,468,-214,-16645,-2,-9,-4,509,-229,-16653,-1,-6,-4
286,543,-205,-16621,1,-9,-3,539,-177,-16656,2,-13,-1,468,-202,-16650,3,-18,2,419,-202,-16602,3,-20,2,437,-232,-16668,2,-14,0
287,493,-181,-16634,-2,-3,-7,478,-174,-16643,-2,-3,-5,512,-209,-16643,0,-6,-3,531,-221,-16651,-2,-9,-2,493,-193,-16624,-1,-10,-2
288,489,-223,-16628,1,-8,-4,501,-221,-16635,0,-9,-5,505,-193,-16616,1,-11,-5,477,-203,-16648,0,-8,-1,460,-191,-16615,0,-9,-4
289,437,-192,-16638,9,-8,6,452,-214,-16678,9,-5,4,465,-220,-16688,6,-6,2,500,-227,-16659,3,-4,1,477,-222,-16650,3,-5,0
290,444,-226,-16546,-2,-6,-4,534,-326,-16650,-1,-11,-4,558,-338,-16749,2,-11,-5,610,-200,-16521,1,0,-8,583,-161,-16554,-2,1,-7
291,474,-221,-16673,1,-9,-3,491,-224,-16613,0,-10,-5,488,-216,-16582,0,-9,-2,507,-198,-16624,0,-6,-2,500,-232,-16673,-2,-8,-4
292,524,-250,-16639,-3,-6,-7,531,-251,-16635,-1,-6,-5,517,-211,-16666,-2,-5,-5,513,-247,-16609,-2,-5,-6,510,-250,-16646,-4,-7,-5
293,696,-906,-16760,19,-1,8,244,-268,-17279,-16,-33,4,447,-754,-16643,7,-31,14,668,116,-16592,-7,-15,-8,497,-765,-16848,-33,7,-16
294,442,-181,-16599,3,-8,-1,445,-170,-16640,5,-7,-2,500,-249,-16636,4,-4,0,506,-232,-16597,6,-6,2,489,-267,-16583,6,-6,3
295,468,-186,-16631,-3,-8,-7,526,-183,-16652,-3,-7,-10,516,-164,-16672,-2,-6,-9,516,-135,-16630,-5,-5,-6,510,-138,-16618,-5,-7,-7
296,153,1377,-16903,-120,56,-222,135,1530,-16585,-121,33,-174,239,1674,-16430,-105,5,-127,517,1790,-16428,-100,-18,-84,616,1968,-16480,-101,-28,-60
297,1878,509,-18101,419,-88,-1086,-645,282,-17561,349,153,-952,-1223,-615,-16298,283,168,-813,-890,-1130,-15695,231,62,-708,-628,-1609,-15811,172,-63,-643
298,-115,216,-16794,-38,-13,-11,205,338,-16430,-39,-27,-8,129,458,-16435,-52,2,0,148,286,-16659,-61,-4,-15,11,256,-16653,-59,-12,-16
299,34,993,-16590,51,-26,9,16,993,-16529,45,-26,9,-31,1001,-16565,37,-19,2,-32,999,-16575,32,-17,-1,-33,992,-16584,25,-18,-3
300,43,872,-16615,3,-6,-5,17,879,-16624,4,-7,-5,17,870,-16574,7,-7,-7,15,863,-16610,11,-10,-5,58,880,-16608,11,-9,-7
